$MeshFormat
4.1 0 8 MSH4.1, ASCII
$EndMeshFormat
$Nodes
1 907 1 907
2 1 0 907
1
2
3
4
5
6
7
8
9
10
11
12
13
14
15
16
17
18
19
20
21
22
23
24
25
26
27
28
29
30
31
32
33
34
35
36
37
38
39
40
41
42
43
44
45
46
47
48
49
50
51
52
53
54
55
56
57
58
59
60
61
62
63
64
65
66
67
68
69
70
71
72
73
74
75
76
77
78
79
80
81
82
83
84
85
86
87
88
89
90
91
92
93
94
95
96
97
98
99
100
101
102
103
104
105
106
107
108
109
110
111
112
113
114
115
116
117
118
119
120
121
122
123
124
125
126
127
128
129
130
131
132
133
134
135
136
137
138
139
140
141
142
143
144
145
146
147
148
149
150
151
152
153
154
155
156
157
158
159
160
161
162
163
164
165
166
167
168
169
170
171
172
173
174
175
176
177
178
179
180
181
182
183
184
185
186
187
188
189
190
191
192
193
194
195
196
197
198
199
200
201
202
203
204
205
206
207
208
209
210
211
212
213
214
215
216
217
218
219
220
221
222
223
224
225
226
227
228
229
230
231
232
233
234
235
236
237
238
239
240
241
242
243
244
245
246
247
248
249
250
251
252
253
254
255
256
257
258
259
260
261
262
263
264
265
266
267
268
269
270
271
272
273
274
275
276
277
278
279
280
281
282
283
284
285
286
287
288
289
290
291
292
293
294
295
296
297
298
299
300
301
302
303
304
305
306
307
308
309
310
311
312
313
314
315
316
317
318
319
320
321
322
323
324
325
326
327
328
329
330
331
332
333
334
335
336
337
338
339
340
341
342
343
344
345
346
347
348
349
350
351
352
353
354
355
356
357
358
359
360
361
362
363
364
365
366
367
368
369
370
371
372
373
374
375
376
377
378
379
380
381
382
383
384
385
386
387
388
389
390
391
392
393
394
395
396
397
398
399
400
401
402
403
404
405
406
407
408
409
410
411
412
413
414
415
416
417
418
419
420
421
422
423
424
425
426
427
428
429
430
431
432
433
434
435
436
437
438
439
440
441
442
443
444
445
446
447
448
449
450
451
452
453
454
455
456
457
458
459
460
461
462
463
464
465
466
467
468
469
470
471
472
473
474
475
476
477
478
479
480
481
482
483
484
485
486
487
488
489
490
491
492
493
494
495
496
497
498
499
500
501
502
503
504
505
506
507
508
509
510
511
512
513
514
515
516
517
518
519
520
521
522
523
524
525
526
527
528
529
530
531
532
533
534
535
536
537
538
539
540
541
542
543
544
545
546
547
548
549
550
551
552
553
554
555
556
557
558
559
560
561
562
563
564
565
566
567
568
569
570
571
572
573
574
575
576
577
578
579
580
581
582
583
584
585
586
587
588
589
590
591
592
593
594
595
596
597
598
599
600
601
602
603
604
605
606
607
608
609
610
611
612
613
614
615
616
617
618
619
620
621
622
623
624
625
626
627
628
629
630
631
632
633
634
635
636
637
638
639
640
641
642
643
644
645
646
647
648
649
650
651
652
653
654
655
656
657
658
659
660
661
662
663
664
665
666
667
668
669
670
671
672
673
674
675
676
677
678
679
680
681
682
683
684
685
686
687
688
689
690
691
692
693
694
695
696
697
698
699
700
701
702
703
704
705
706
707
708
709
710
711
712
713
714
715
716
717
718
719
720
721
722
723
724
725
726
727
728
729
730
731
732
733
734
735
736
737
738
739
740
741
742
743
744
745
746
747
748
749
750
751
752
753
754
755
756
757
758
759
760
761
762
763
764
765
766
767
768
769
770
771
772
773
774
775
776
777
778
779
780
781
782
783
784
785
786
787
788
789
790
791
792
793
794
795
796
797
798
799
800
801
802
803
804
805
806
807
808
809
810
811
812
813
814
815
816
817
818
819
820
821
822
823
824
825
826
827
828
829
830
831
832
833
834
835
836
837
838
839
840
841
842
843
844
845
846
847
848
849
850
851
852
853
854
855
856
857
858
859
860
861
862
863
864
865
866
867
868
869
870
871
872
873
874
875
876
877
878
879
880
881
882
883
884
885
886
887
888
889
890
891
892
893
894
895
896
897
898
899
900
901
902
903
904
905
906
907
0 0 0
3.54167 0 0
7.08333 0 0
10.625 0 0
14.1667 0 0
17.7083 0 0
21.25 0 0
24.7917 0 0
28.3333 0 0
31.875 0 0
35.4167 0 0
38.9583 0 0
42.5 0 0
46.0417 0 0
49.5833 0 0
53.125 0 0
56.6667 0 0
60.2083 0 0
63.75 0 0
67.2917 0 0
70.8333 0 0
74.375 0 0
77.9167 0 0
81.4583 0 0
85 0 0
88.5417 0 0
92.0833 0 0
95.625 0 0
99.1667 0 0
102.708 0 0
106.25 0 0
109.792 0 0
113.333 0 0
116.875 0 0
120.417 0 0
123.958 0 0
127.5 0 0
131.042 0 0
134.583 0 0
138.125 0 0
141.667 0 0
145.208 0 0
148.75 0 0
152.292 0 0
155.833 0 0
159.375 0 0
162.917 0 0
166.458 0 0
170 0 0
170 3.57143 0
170 7.14286 0
170 10.7143 0
170 14.2857 0
170 17.8571 0
170 21.4286 0
170 25 0
170 28.5714 0
170 32.1429 0
170 35.7143 0
170 39.2857 0
170 42.8571 0
170 46.4286 0
170 50 0
170 53.5714 0
170 57.1429 0
170 60.7143 0
170 64.2857 0
170 67.8571 0
170 71.4286 0
170 75 0
170 78.5714 0
170 82.1429 0
170 85.7143 0
170 89.2857 0
170 92.8571 0
170 96.4286 0
170 100 0
166.458 100 0
162.917 100 0
159.375 100 0
155.833 100 0
152.292 100 0
148.75 100 0
145.208 100 0
141.667 100 0
138.125 100 0
134.583 100 0
131.042 100 0
127.5 100 0
123.958 100 0
120.417 100 0
116.875 100 0
113.333 100 0
109.792 100 0
106.25 100 0
102.708 100 0
99.1667 100 0
95.625 100 0
92.0833 100 0
88.5417 100 0
85 100 0
81.4583 100 0
77.9167 100 0
74.375 100 0
70.8333 100 0
67.2917 100 0
63.75 100 0
60.2083 100 0
56.6667 100 0
53.125 100 0
49.5833 100 0
46.0417 100 0
42.5 100 0
38.9583 100 0
35.4167 100 0
31.875 100 0
28.3333 100 0
24.7917 100 0
21.25 100 0
17.7083 100 0
14.1667 100 0
10.625 100 0
7.08333 100 0
3.54167 100 0
0 100 0
0 96.4286 0
0 92.8571 0
0 89.2857 0
0 85.7143 0
0 82.1429 0
0 78.5714 0
0 75 0
0 71.4286 0
0 67.8571 0
0 64.2857 0
0 60.7143 0
0 57.1429 0
0 53.5714 0
0 50 0
0 46.4286 0
0 42.8571 0
0 39.2857 0
0 35.7143 0
0 32.1429 0
0 28.5714 0
0 25 0
0 21.4286 0
0 17.8571 0
0 14.2857 0
0 10.7143 0
0 7.14286 0
0 3.57143 0
110 50 0
109.746 53.5579 0
108.987 57.0433 0
107.741 60.3854 0
106.031 63.516 0
103.894 66.3715 0
101.372 68.8937 0
98.516 71.0313 0
95.3854 72.7408 0
92.0433 73.9873 0
88.5579 74.7455 0
85 75 0
81.4421 74.7455 0
77.9567 73.9873 0
74.6146 72.7408 0
71.484 71.0313 0
68.6285 68.8937 0
66.1063 66.3715 0
63.9687 63.516 0
62.2592 60.3854 0
61.0127 57.0433 0
60.2545 53.5579 0
60 50 0
60.2545 46.4421 0
61.0127 42.9567 0
62.2592 39.6146 0
63.9687 36.484 0
66.1063 33.6285 0
68.6285 31.1063 0
71.484 28.9687 0
74.6146 27.2592 0
77.9567 26.0127 0
81.4421 25.2545 0
85 25 0
88.5579 25.2545 0
92.0433 26.0127 0
95.3854 27.2592 0
98.516 28.9687 0
101.372 31.1063 0
103.894 33.6285 0
106.031 36.484 0
107.741 39.6146 0
108.987 42.9567 0
109.746 46.4421 0
77.4872 5.29347 0
81.7254 4.75008 0
81.0148 8.66555 0
73.1216 4.1684 0
87.7855 7.93286 0
77.2306 9.52327 0
79.4611 15.1675 0
75.6716 13.1442 0
68.265 5.36766 0
70.6061 11.3491 0
85.8617 12.8015 0
67.3012 14.7084 0
70.9846 15.0129 0
76.1062 17.5068 0
77.6236 22.2655 0
84.9879 9.62686 0
73.877 7.72858 0
65.2217 9.17335 0
86.3398 4.22848 0
70.2014 19.976 0
82.2776 12.804 0
80.2747 19.3594 0
88.1975 15.6804 0
90.1065 4.15769 0
83.9174 16.419 0
64.1228 17.1116 0
89.2476 11.6546 0
95.7781 7.02629 0
93.3746 10.3931 0
63.7945 5.64791 0
73.1689 22.9338 0
69.8382 25.4847 0
92.29 7.13835 0
92.6244 16.1736 0
57.7107 18.8418 0
102.08 10.1908 0
84.5514 20.8647 0
88.7762 22.1216 0
66.0013 22.303 0
64.1824 28.4919 0
93.8227 19.7448 0
60.6561 8.53725 0
60.6044 31.6345 0
99.1138 12.2786 0
60.7717 13.6218 0
105.841 12.0308 0
60.9221 21.7559 0
105.361 5.57347 0
97.7412 15.4752 0
62.3796 25.1156 0
94.0571 3.80977 0
96.0603 23.6792 0
106.98 16.6579 0
110.582 10.2406 0
57.7208 26.1523 0
53.2275 18.5763 0
114.131 9.10269 0
58.6374 3.9555 0
53.1477 22.2296 0
101.492 17.7393 0
99.3311 5.40813 0
107.365 20.9796 0
97.7464 19.548 0
101.391 26.2935 0
100.668 22.6348 0
109.44 7.26604 0
48.0609 21.1024 0
112.229 13.6427 0
56.3267 9.73914 0
54.6301 13.6553 0
51.3468 14.9941 0
55.1734 29.8343 0
114.022 4.26246 0
52.5461 4.38782 0
51.5239 11.1435 0
52.9632 26.1988 0
46.3875 11.7975 0
44.6102 26.4821 0
57.4574 22.4693 0
46.1385 17.3861 0
118.588 13.4217 0
112.777 17.4486 0
119.184 7.29353 0
43.8752 20.2573 0
117.76 3.75319 0
47.3828 28.9007 0
111.373 20.4634 0
117.526 22.3168 0
49.6805 17.6527 0
39.8499 31.1192 0
39.4157 16.8432 0
56.75 33.721 0
58.6203 37.0188 0
53.8037 40.0503 0
104.106 28.6491 0
107.901 27.542 0
112.933 26.1734 0
116.087 18.89 0
109.598 31.625 0
114.265 30.1445 0
39.3687 26.474 0
45.5376 33.3721 0
42.0148 23.7583 0
117.66 26.255 0
124.345 11.5357 0
49.4241 7.41903 0
42.5521 31.0023 0
49.5911 32.1135 0
42.3022 37.2869 0
122.581 31.1994 0
121.177 16.414 0
38.725 36.3824 0
49.519 37.7583 0
122.791 8.0861 0
33.7947 34.3209 0
46.4569 5.46703 0
127.44 17.2581 0
125.318 20.1535 0
122.307 20.795 0
34.0625 30.1273 0
45.6729 38.0402 0
49.8595 26.3586 0
52.1201 34.8663 0
32.2354 38.8357 0
132.904 16.1068 0
40.6778 9.97839 0
131.671 20.5612 0
26.3443 41.4074 0
126.721 4.64299 0
126.513 35.4585 0
56.5201 43.326 0
44.4326 41.7084 0
102.65 14.6545 0
49.8347 43.4353 0
120.686 24.0934 0
37.9447 20.7194 0
22.7694 37.0842 0
119.152 30.0159 0
124.409 24.6284 0
29.5965 29.9693 0
27.864 26.6257 0
33.6702 24.9996 0
44.8718 45.6636 0
126.186 30.1049 0
36.8275 12.5331 0
106.172 24.4143 0
29.7746 20.5817 0
37.2334 42.0848 0
53.448 45.616 0
56.3823 51.9938 0
41.7489 48.2252 0
33.67 17.3427 0
35.5232 38.7824 0
136.603 11.3766 0
42.718 14.6637 0
26.3255 16.0938 0
40.2337 40.1891 0
30.5268 10.7482 0
33.1507 13.4198 0
110.597 36.788 0
29.0612 36.755 0
33.9841 8.83494 0
122.813 35.1148 0
129.423 12.3315 0
42.9484 6.49202 0
129.159 7.99832 0
46.044 52.0774 0
48.629 49.0599 0
114.599 35.1111 0
136.185 17.6544 0
136.996 22.0327 0
119.166 40.3413 0
25.138 32.8841 0
34.3767 45.0107 0
36.6794 6.16233 0
130.056 32.0805 0
23.7384 19.5998 0
19.2826 17.2263 0
20.9492 21.9711 0
122.677 40.3859 0
119.224 45.9171 0
22.7809 30.2393 0
128.026 25.0091 0
115.099 14.4854 0
118.089 33.9753 0
24.3049 23.8155 0
113.553 39.0487 0
123.015 4.12788 0
40.8127 3.42889 0
124.42 43.5294 0
139.967 17.7858 0
128.923 38.2515 0
22.0439 13.3124 0
14.676 12.407 0
132.748 27.6901 0
41.8472 52.2961 0
127.169 46.461 0
140.192 27.5981 0
51.6944 51.7559 0
132.861 24.0768 0
15.9556 18.4562 0
142.077 14.9757 0
130.31 4.88911 0
16.733 9.53083 0
145.939 27.8131 0
12.4647 17.3719 0
18.8993 25.1111 0
14.6963 29.4081 0
136.18 25.9757 0
30.8841 43.044 0
113.01 46.7628 0
132.504 8.75675 0
137.597 6.48183 0
24.6709 46.3828 0
18.3944 13.3346 0
14.0734 21.9705 0
139.46 31.5136 0
9.60814 25.9107 0
16.9864 3.78247 0
144.433 21.3993 0
18.1446 35.3139 0
146.546 17.8993 0
26.7555 11.4253 0
21.0117 40.2314 0
31.3684 48.117 0
141.938 9.60709 0
40.6508 43.9705 0
135.897 30.2206 0
138.449 14.6619 0
141.38 4.55522 0
35.7284 53.6404 0
38.7769 57.2167 0
117.14 49.68 0
10.8049 14.1838 0
9.06622 31.5076 0
12.737 25.7432 0
47.3371 55.4589 0
115.673 42.5546 0
13.2529 32.9071 0
146.772 10.959 0
122.631 51.2577 0
123.359 27.6686 0
10.8183 20.3129 0
9.97516 7.69616 0
36.8694 50.0424 0
9.23602 36.0292 0
26.3911 51.6562 0
6.98287 12.23 0
4.76331 21.2237 0
3.60147 28.1494 0
23.5882 5.25525 0
28.7102 56.1181 0
30.9427 52.3621 0
148.209 4.40256 0
22.5973 8.98042 0
140.172 22.3647 0
30.4202 7.37995 0
126.583 52.8945 0
34.373 59.5943 0
144.745 6.75434 0
151.4 19.6795 0
152.463 14.4176 0
4.90713 16.6868 0
15.4939 39.3929 0
122.938 47.3495 0
150.812 23.6068 0
150.497 28.567 0
8.34068 16.7776 0
124.667 58.9473 0
148.641 14.5639 0
51.2404 56.1795 0
132.61 50.1791 0
150.792 8.37312 0
17.5459 45.0668 0
24.6095 54.9309 0
131.555 35.1089 0
33.7877 65.2028 0
130.813 44.0187 0
7.52558 22.8218 0
39.0979 62.1146 0
141.845 34.4826 0
4.34933 7.41757 0
154.733 25.4326 0
12.9388 6.01888 0
19.7797 31.1391 0
55.1481 55.5506 0
37.8121 65.086 0
144.26 31.7803 0
16.5579 50.1082 0
43.9453 58.9022 0
39.4529 70.6846 0
45.1775 63.5684 0
128.459 22.3155 0
29.6204 66.2039 0
22.2603 50.4768 0
43.5617 72.1968 0
29.045 32.9388 0
154.578 10.7557 0
128.977 59.2288 0
29.8828 16.259 0
121.193 54.9003 0
156.652 6.30523 0
31.2532 70.271 0
37.6301 46.1466 0
4.8817 24.9472 0
21.1282 58.3705 0
117.211 53.8795 0
55.7224 60.7661 0
51.829 60.0578 0
152.574 3.55709 0
141.192 38.1014 0
119.914 59.2416 0
32.8288 76.8338 0
11.5948 51.2583 0
134.9 3.82081 0
145.037 14.1008 0
141.857 43.3051 0
128.667 63.7517 0
32.0371 62.2765 0
137.337 43.1257 0
134.937 39.0969 0
34.8229 21.2381 0
32.359 56.2245 0
48.0768 58.9275 0
32.1733 3.77976 0
46.8714 67.1643 0
134.397 45.2672 0
145.186 40.7355 0
146.371 47.6495 0
25.9728 64.6178 0
149.903 41.8946 0
51.1238 68.6291 0
127.622 41.9668 0
113.303 53.6202 0
27.2021 75.115 0
6.92931 4.14352 0
155.82 20.2325 0
24.5947 59.3434 0
124.927 64.254 0
19.0107 63.4675 0
145.399 53.0575 0
51.507 64.1159 0
17.9336 55.9218 0
43.1301 55.0935 0
14.3562 56.0718 0
136.837 35.2093 0
28.9746 59.8061 0
132.781 59.5916 0
59.4589 66.7302 0
55.0616 71.0713 0
147.765 31.1081 0
6.27327 40.448 0
26.766 6.91892 0
9.87864 40.1013 0
146.841 24.6607 0
49.1281 71.6652 0
15.2606 60.5331 0
12.7069 45.4273 0
54.9203 66.4655 0
116.104 59.7298 0
42.4982 67.7634 0
151.777 33.7733 0
160.362 19.1271 0
132.264 62.852 0
129.826 49.3938 0
3.62411 36.1697 0
142.589 24.9936 0
8.0039 50.412 0
134.214 54.2514 0
8.52309 57.3518 0
155.05 15.1284 0
146.234 34.7429 0
153.91 29.7813 0
36.0499 68.2684 0
7.59815 46.6004 0
48.5381 77.4699 0
159.101 25.0226 0
162.076 8.49963 0
159.828 30.4524 0
15.1176 66.1282 0
116.34 65.0818 0
19.6353 7.03882 0
137.224 49.6299 0
18.0686 42.3188 0
40.3954 77.6431 0
21.4086 66.2003 0
139.829 53.2249 0
157.281 36.8265 0
135.825 63.854 0
158.759 11.1538 0
146.361 44.9126 0
162.332 26.939 0
164.013 19.9565 0
60.9512 70.4238 0
61.6301 76.036 0
130.235 53.5189 0
162.064 22.7281 0
133.7 67.2199 0
64.2726 72.3605 0
37.7812 74.1923 0
33.7839 72.9404 0
36.7668 78.9918 0
12.6319 42.0225 0
20.7938 72.5136 0
27.5609 46.1537 0
44.5099 77.2259 0
152.443 37.7162 0
145.381 59.9469 0
166.07 10.9818 0
162.51 4.88087 0
119.723 66.2705 0
12.3844 60.8907 0
19.8798 76.1293 0
165.598 22.5898 0
18.2227 69.9464 0
119.174 72.4709 0
120.956 76.5309 0
139.595 46.5865 0
114.52 70.5016 0
137.656 60.3389 0
4.90188 49.0837 0
57.412 74.9727 0
111.91 76.3111 0
5.25692 54.4056 0
166.36 17.0785 0
65.1013 77.324 0
52.5203 74.4701 0
3.5859 44.3624 0
137.227 69.5331 0
127.605 67.9764 0
31.3817 83.0044 0
71.1848 79.4326 0
116.657 76.2061 0
142.086 49.8052 0
73.9881 84.517 0
111.522 64.8939 0
64.7117 80.5181 0
30.4505 79.7395 0
110.082 68.8554 0
27.0797 70.4956 0
16.7847 72.6547 0
155.794 41.8644 0
160.967 40.0368 0
11.162 66.1362 0
150.506 46.3457 0
22.5523 62.6378 0
55.3148 79.5322 0
125.275 81.7339 0
155.705 45.4621 0
147.529 37.5188 0
122.879 71.2407 0
68.5143 76.3805 0
26.8544 82.7579 0
123.471 67.5015 0
23.1915 77.7766 0
165.819 29.2987 0
149.106 50.2851 0
13.4383 71.2483 0
4.57533 63.0092 0
4.28315 58.3793 0
23.3077 87.0857 0
46.6818 82.9779 0
52.2839 77.7577 0
119.172 82.8768 0
35.7214 83.237 0
141.534 65.6582 0
46.8262 74.3505 0
125.612 77.8646 0
131.456 79.4027 0
75.2771 89.5652 0
40.2812 83.0953 0
9.94637 71.9273 0
26.839 79.1274 0
143.775 68.845 0
153.917 49.8325 0
58.1383 82.7779 0
79.9342 84.2942 0
160.216 34.9481 0
84.3883 81.8935 0
107.435 74.4496 0
8.30504 60.7846 0
52.9976 82.4123 0
17.4743 81.2653 0
108.732 79.9335 0
84.8004 88.3666 0
21.5079 44.6154 0
162.149 15.3054 0
43.6111 80.1321 0
6.32287 66.9256 0
68.6306 82.9168 0
166.982 33.2686 0
128.704 72.1268 0
115.532 81.4918 0
104.375 76.2917 0
10.5938 76.0306 0
23.0781 69.8825 0
162.425 44.5416 0
69.7996 87.6463 0
5.33372 31.435 0
23.3635 81.9878 0
102.577 81.5351 0
130.277 76.0525 0
159.246 47.0283 0
56.0776 86.3663 0
141.895 57.6253 0
150.828 57.0905 0
15.2847 78.1426 0
4.75508 73.2216 0
165.089 43.4382 0
165.839 6.23139 0
59.6801 89.4534 0
63.8142 84.9391 0
140.693 71.186 0
159.924 52.159 0
165.841 48.7943 0
106.761 83.919 0
89.7135 81.0868 0
29.7257 88.49 0
33.8416 88.316 0
121.698 80.3901 0
111.192 86.3941 0
122.507 84.2166 0
165.641 38.6434 0
137.48 55.9159 0
111.631 59.647 0
87.7149 93.5886 0
132.869 70.282 0
7.34177 81.3144 0
6.55911 76.5205 0
51.8107 88.785 0
155.374 56.2223 0
79.7347 90.1924 0
144.145 62.9013 0
119.073 62.7642 0
10.0624 82.5182 0
93.9802 96.473 0
37.5855 89.2347 0
30.061 92.5311 0
59.8823 79.7124 0
147.088 56.2438 0
22.3183 91.2793 0
156.718 32.5315 0
6.62883 85.5952 0
133.655 73.9179 0
77.4986 96.0517 0
64.0327 91.8093 0
71.7077 93.7065 0
58.8035 92.5405 0
151.094 61.6318 0
92.6902 77.8823 0
152.254 53.4323 0
37.9503 95.7715 0
154.328 59.9785 0
160.944 55.3862 0
120.755 89.0912 0
65.7304 87.759 0
83.0616 93.5029 0
68.8279 91.2962 0
13.6612 84.8508 0
44.1607 86.6279 0
42.1396 64.3832 0
147.746 64.1689 0
134.666 77.3893 0
66.8181 95.5534 0
149.199 73.159 0
48.1746 89.4885 0
116.347 86.0551 0
131.939 82.9194 0
82.7778 85.0457 0
61.5907 96.2334 0
136.473 84.1701 0
112.018 82.1919 0
80.1462 95.7608 0
127.297 87.1914 0
50.5615 94.1022 0
75.3941 93.1475 0
162.851 31.556 0
106.309 69.901 0
96.0757 79.7888 0
95.121 84.1216 0
125.872 74.4529 0
87.8588 89.9768 0
43.7332 93.4113 0
50.3443 84.7842 0
100.243 87.2092 0
34.7353 92.587 0
135.076 80.5838 0
56.0738 89.9568 0
46.9642 95.7204 0
112.308 90.0135 0
158.859 58.2918 0
91.7012 91.6765 0
18.6906 84.6878 0
90.0748 85.0533 0
39.8002 92.1531 0
137.949 87.8768 0
54.4821 95.6258 0
11.4816 88.6252 0
140.817 83.5987 0
4.01455 79.0518 0
142.56 74.5035 0
135.063 90.8542 0
153.569 74.1739 0
133.803 87.4896 0
164.232 53.597 0
137.673 75.7045 0
142.628 78.1452 0
32.1984 95.57 0
101.831 73.3146 0
148.216 69.2309 0
79.3208 79.3395 0
152.11 69.2855 0
99.8207 78.3242 0
146.175 77.557 0
26.1168 91.6625 0
128.641 90.8761 0
105.52 89.4856 0
49.1898 80.1892 0
162.601 50.3516 0
75.8895 81.2942 0
107.101 94.8516 0
142.818 92.7041 0
95.6121 90.6793 0
150.068 77.0727 0
151.005 65.6379 0
103.879 93.2336 0
165.642 60.4654 0
74.6054 76.7667 0
16.4926 88.7727 0
131.367 93.8374 0
139.727 79.9054 0
27.94 96.6824 0
159.177 71.2998 0
125.012 92.4982 0
157.787 64.9576 0
7.75423 89.4379 0
98.4097 93.4323 0
11.2207 79.8793 0
139.791 96.3486 0
146.838 82.2649 0
113.571 93.8508 0
3.88266 83.1027 0
161.184 75.9523 0
99.2567 83.0131 0
100.734 96.2464 0
96.8017 87.3627 0
103.846 86.2062 0
157.179 67.6217 0
167.437 56.9045 0
100.201 90.2255 0
83.4432 78.1834 0
87.1163 84.2166 0
154.585 81.46 0
104.445 97.248 0
164.542 67.5975 0
162.761 82.5861 0
157.589 79.8125 0
22.7616 95.8475 0
125.333 97.0757 0
156.497 76.1693 0
121.358 94.6513 0
117.149 90.3738 0
154.219 63.9351 0
155.852 88.416 0
165.789 77.9665 0
162.578 71.1787 0
97.8504 75.3108 0
130.255 86.9435 0
143.48 87.4412 0
117.097 94.5312 0
17.6164 96.1662 0
90.2725 96.5409 0
6.52655 70.0512 0
13.4139 91.6169 0
110.084 95.8442 0
139.279 91.9547 0
144.799 96.388 0
134.314 96.218 0
13.8089 96.6905 0
166.104 73.8821 0
88.2689 77.7827 0
4.43458 88.4583 0
161.996 61.2105 0
86.6349 97.4778 0
5.89835 95.4837 0
148.376 92.9824 0
147.177 86.7967 0
113.736 97.4086 0
166.9 64.4489 0
151.173 82.9873 0
151.866 88.0436 0
9.77965 93.1329 0
151.431 95.7515 0
154.844 93.104 0
70.6491 97.3562 0
160.957 87.9399 0
161.664 64.8739 0
9.38939 96.6625 0
165.933 87.7646 0
161.276 92.4991 0
3.6392 91.9646 0
161.511 79.6401 0
157.997 95.9933 0
164.984 94.9747 0
159.945 82.7496 0
161.905 97.4643 0
165.129 91.3399 0
156.283 84.7047 0
165.962 84.8213 0
167.428 52.0505 0
157.62 91.8477 0
$EndNodes
$Elements
1 1618 1 1618
2 1 2 1618
1 1 2 152
2 2 3 532
3 3 4 532
4 4 5 480
5 5 6 415
6 6 7 415
7 7 8 447
8 8 9 447
9 9 10 521
10 10 11 521
11 11 12 371
12 12 13 385
13 13 14 312
14 14 15 312
15 15 16 270
16 16 17 270
17 17 18 254
18 18 19 226
19 19 20 226
20 20 21 205
21 21 22 200
22 22 23 197
23 23 24 198
24 24 25 198
25 25 26 215
26 26 27 220
27 27 28 247
28 28 29 257
29 29 30 257
30 30 31 244
31 31 32 244
32 32 33 269
33 33 34 269
34 34 35 281
35 35 36 384
36 36 37 325
37 37 38 399
38 38 39 511
39 39 40 511
40 40 41 426
41 41 42 426
42 42 43 450
43 43 44 506
44 44 45 506
45 45 46 498
46 46 47 606
47 47 48 606
48 48 49 50
49 50 51 706
50 51 52 605
51 52 53 605
52 53 54 621
53 54 55 621
54 55 56 610
55 56 57 652
56 57 58 652
57 58 59 687
58 59 60 719
59 60 61 719
60 61 62 705
61 62 63 711
62 63 64 906
63 64 65 845
64 65 66 845
65 66 67 885
66 67 68 885
67 68 69 851
68 69 70 876
69 70 71 861
70 71 72 861
71 72 73 905
72 73 74 895
73 74 75 903
74 75 76 900
75 76 77 78
76 78 79 902
77 79 80 902
78 80 81 899
79 81 82 889
80 82 83 889
81 83 84 873
82 84 85 873
83 85 86 835
84 86 87 874
85 87 88 874
86 88 89 826
87 89 90 855
88 90 91 857
89 91 92 866
90 92 93 884
91 93 94 884
92 94 95 871
93 95 96 850
94 96 97 841
95 97 98 841
96 98 99 732
97 99 100 868
98 100 101 880
99 101 102 769
100 102 103 769
101 103 104 741
102 104 105 891
103 105 106 891
104 106 107 760
105 107 108 766
106 108 109 766
107 109 110 793
108 110 111 771
109 111 112 785
110 112 113 785
111 113 114 748
112 114 115 748
113 115 116 804
114 116 117 828
115 117 118 828
116 118 119 854
117 119 120 867
118 120 121 875
119 121 122 875
120 122 123 894
121 123 124 881
122 124 125 126
123 126 127 897
124 127 128 897
125 128 129 878
126 129 130 838
127 130 131 796
128 131 132 796
129 132 133 704
130 133 134 869
131 134 135 655
132 135 136 655
133 136 137 656
134 137 138 620
135 138 139 617
136 139 140 617
137 140 141 624
138 141 142 624
139 142 143 562
140 143 144 562
141 144 145 446
142 145 146 446
143 146 147 501
144 147 148 445
145 148 149 459
146 149 150 444
147 150 151 478
148 151 152 478
149 154 153 530
150 155 154 530
151 156 155 721
152 157 156 632
153 158 157 774
154 159 158 774
155 160 159 805
156 161 160 863
157 162 161 746
158 163 162 746
159 164 163 877
160 165 164 847
161 166 165 807
162 167 166 824
163 168 167 648
164 169 168 648
165 170 169 595
166 171 170 545
167 172 171 545
168 173 172 504
169 174 173 482
170 175 174 346
171 176 175 345
172 177 176 327
173 178 177 289
174 179 178 289
175 180 179 239
176 181 180 236
177 182 181 228
178 183 182 228
179 184 183 227
180 185 184 211
181 186 185 233
182 187 186 234
183 188 187 234
184 189 188 248
185 190 189 248
186 191 190 260
187 192 191 291
188 193 192 295
189 194 193 356
190 195 194 383
191 196 195 407
192 153 196 407
193 152 2 532
194 532 4 480
195 480 5 415
196 415 7 447
197 447 9 549
198 9 521 549
199 521 11 371
200 371 12 385
201 385 13 312
202 312 15 270
203 270 17 254
204 254 18 226
205 226 20 205
206 205 21 200
207 200 22 197
208 197 23 198
209 198 25 215
210 215 26 220
211 220 27 247
212 247 28 257
213 257 30 244
214 244 32 262
215 32 269 262
216 269 34 281
217 281 35 384
218 384 36 325
219 325 37 399
220 399 38 511
221 511 40 409
222 40 426 409
223 426 42 456
224 42 450 456
225 450 43 506
226 506 45 498
227 498 46 606
228 606 48 706
229 48 50 706
230 706 51 605
231 605 53 621
232 621 55 610
233 610 56 652
234 652 58 687
235 687 59 719
236 719 61 705
237 705 62 711
238 711 63 906
239 906 64 845
240 845 66 823
241 66 885 823
242 885 68 851
243 851 69 876
244 876 70 861
245 861 72 905
246 905 73 895
247 895 74 903
248 903 75 900
249 900 76 78
250 78 902 900
251 902 80 899
252 899 81 889
253 889 83 873
254 873 85 835
255 835 86 874
256 874 88 826
257 826 89 855
258 855 90 857
259 857 91 866
260 866 92 884
261 884 94 871
262 871 95 817
263 95 850 817
264 850 96 841
265 841 98 732
266 732 99 868
267 868 100 880
268 880 101 769
269 769 103 741
270 741 104 891
271 891 106 760
272 760 107 766
273 766 109 793
274 793 110 771
275 771 111 785
276 785 113 779
277 113 748 779
278 748 115 804
279 804 116 828
280 828 118 854
281 854 119 867
282 867 120 875
283 875 122 894
284 894 123 881
285 881 124 126
286 126 897 881
287 897 128 878
288 878 129 838
289 838 130 796
290 796 132 704
291 704 133 869
292 869 134 685
293 134 655 685
294 655 136 656
295 656 137 620
296 620 138 617
297 617 140 624
298 624 142 548
299 142 562 548
300 562 144 695
301 144 446 695
302 446 146 501
303 501 147 445
304 445 148 459
305 459 149 444
306 444 150 478
307 478 152 532
308 530 153 407
309 155 530 721
310 156 721 632
311 157 632 635
312 774 157 635
313 159 774 805
314 160 805 863
315 161 863 746
316 163 746 877
317 164 877 847
318 165 847 807
319 166 807 824
320 167 824 648
321 169 648 595
322 170 595 590
323 545 170 590
324 172 545 504
325 173 504 482
326 174 482 346
327 175 346 345
328 176 345 327
329 177 327 289
330 179 289 239
331 180 239 236
332 181 236 228
333 183 228 227
334 184 227 211
335 185 211 218
336 186 233 234
337 233 185 218
338 188 234 237
339 248 188 237
340 190 248 260
341 191 260 291
342 192 291 295
343 193 295 356
344 194 356 383
345 195 383 434
346 407 195 434
347 532 480 440
348 480 415 400
349 415 447 578
350 447 549 451
351 549 521 453
352 521 371 358
353 371 385 361
354 385 312 361
355 312 270 302
356 270 254 265
357 254 226 238
358 226 205 214
359 205 200 213
360 200 197 213
361 197 198 199
362 198 215 212
363 215 220 201
364 220 247 229
365 247 257 224
366 257 244 232
367 244 262 242
368 262 269 253
369 269 281 279
370 281 384 279
371 384 325 310
372 325 399 362
373 399 511 408
374 511 409 408
375 409 426 422
376 426 456 422
377 456 450 469
378 450 506 469
379 506 498 469
380 498 606 574
381 606 706 574
382 706 605 574
383 605 621 683
384 621 610 589
385 610 652 588
386 652 687 773
387 687 719 674
388 719 705 639
389 705 711 693
390 711 906 801
391 906 845 801
392 845 823 750
393 823 885 879
394 885 851 893
395 851 876 862
396 876 861 839
397 861 905 852
398 905 895 892
399 895 903 892
400 903 900 896
401 900 902 896
402 902 899 896
403 899 889 890
404 889 873 882
405 873 835 818
406 835 874 872
407 874 826 798
408 826 855 830
409 855 857 830
410 857 866 858
411 866 884 837
412 884 871 837
413 871 817 786
414 817 850 822
415 850 841 822
416 841 732 833
417 732 868 788
418 868 880 722
419 880 769 753
420 769 741 772
421 741 891 772
422 891 760 743
423 760 766 742
424 766 793 744
425 793 771 784
426 771 785 762
427 785 779 762
428 779 748 791
429 748 804 782
430 804 828 734
431 828 854 811
432 854 867 737
433 867 875 870
434 875 894 888
435 894 881 888
436 881 897 888
437 897 878 832
438 878 838 739
439 838 796 724
440 796 704 725
441 704 869 668
442 869 685 640
443 685 655 677
444 655 656 677
445 656 620 566
446 620 617 564
447 617 624 571
448 624 548 571
449 548 562 442
450 562 695 442
451 695 446 414
452 446 501 414
453 501 445 475
454 445 459 464
455 459 444 464
456 444 478 440
457 478 532 440
458 530 407 429
459 721 530 556
460 632 721 556
461 635 632 615
462 774 635 676
463 805 774 676
464 863 805 809
465 746 863 775
466 877 746 713
467 847 877 675
468 807 847 675
469 824 807 816
470 648 824 628
471 595 648 622
472 590 595 591
473 545 590 546
474 504 545 555
475 482 504 505
476 346 482 395
477 345 346 395
478 327 345 290
479 289 327 290
480 239 289 288
481 236 239 246
482 228 236 235
483 227 228 216
484 211 227 210
485 218 211 210
486 234 233 219
487 233 218 221
488 237 234 230
489 248 237 259
490 260 248 261
491 291 260 342
492 295 291 292
493 356 295 365
494 383 356 365
495 434 383 368
496 407 434 377
497 440 480 390
498 480 400 390
499 400 415 578
500 578 447 451
501 451 549 419
502 549 453 354
503 453 521 358
504 358 371 341
505 371 361 322
506 361 312 273
507 312 302 273
508 302 270 271
509 270 265 271
510 265 254 238
511 238 226 214
512 214 205 206
513 205 213 206
514 213 197 202
515 197 199 202
516 199 198 212
517 212 215 201
518 201 220 229
519 229 247 224
520 224 257 240
521 257 232 240
522 232 244 242
523 242 262 250
524 262 253 250
525 253 269 279
526 279 384 310
527 310 325 362
528 362 399 408
529 408 409 350
530 409 422 350
531 422 456 436
532 456 469 436
533 469 498 494
534 498 574 586
535 574 605 683
536 683 621 589
537 589 610 593
538 610 588 593
539 588 652 773
540 773 687 674
541 674 719 639
542 639 705 693
543 693 711 815
544 711 801 815
545 801 845 750
546 750 823 879
547 879 885 893
548 893 851 862
549 862 876 839
550 839 861 898
551 861 852 898
552 852 905 892
553 892 903 896
554 896 899 907
555 899 890 907
556 890 889 882
557 882 873 818
558 818 835 872
559 872 874 798
560 798 826 812
561 826 830 812
562 830 857 751
563 857 858 751
564 858 866 837
565 837 871 786
566 786 817 813
567 817 822 813
568 822 841 833
569 833 732 819
570 732 788 819
571 788 868 722
572 722 880 753
573 753 769 728
574 769 772 728
575 772 891 743
576 743 760 754
577 760 742 754
578 742 766 744
579 744 793 784
580 784 771 726
581 771 762 726
582 762 779 756
583 779 791 756
584 791 748 782
585 782 804 734
586 734 828 811
587 811 854 737
588 737 867 825
589 867 870 825
590 870 875 888
591 888 897 832
592 832 878 739
593 739 838 724
594 724 796 725
595 725 704 668
596 668 869 640
597 640 685 677
598 677 656 566
599 566 620 564
600 564 617 571
601 571 548 550
602 548 442 550
603 442 695 431
604 695 414 431
605 414 501 475
606 475 445 464
607 464 444 430
608 444 440 430
609 530 429 503
610 429 407 377
611 556 530 503
612 632 556 577
613 635 615 619
614 615 632 577
615 676 635 619
616 805 676 690
617 863 809 775
618 809 805 690
619 746 775 713
620 877 713 675
621 807 675 673
622 824 816 628
623 816 807 673
624 648 628 633
625 595 622 591
626 622 648 633
627 590 591 618
628 545 546 555
629 546 590 618
630 504 555 538
631 482 505 467
632 505 504 538
633 395 482 467
634 345 395 364
635 290 345 330
636 289 290 288
637 239 288 268
638 236 246 235
639 246 239 251
640 228 235 216
641 227 216 210
642 218 210 203
643 234 219 230
644 219 233 221
645 221 218 203
646 237 230 245
647 248 259 261
648 259 237 245
649 260 261 342
650 291 342 292
651 295 292 293
652 365 295 296
653 383 365 368
654 434 368 377
655 440 390 430
656 390 400 411
657 400 578 451
658 451 419 389
659 419 549 354
660 354 453 358
661 358 341 355
662 341 371 322
663 322 361 273
664 273 302 271
665 271 265 266
666 265 238 241
667 238 214 241
668 214 206 208
669 206 213 204
670 213 202 204
671 202 199 217
672 199 212 217
673 212 201 223
674 201 229 223
675 229 224 225
676 224 240 225
677 240 232 329
678 232 242 329
679 242 250 264
680 250 253 264
681 253 279 277
682 279 310 277
683 310 362 301
684 362 408 360
685 408 350 360
686 350 422 425
687 422 436 512
688 436 469 466
689 469 494 458
690 494 498 586
691 586 574 683
692 683 589 559
693 589 593 559
694 593 588 573
695 588 773 575
696 773 674 575
697 674 639 584
698 639 693 638
699 693 815 699
700 815 801 710
701 801 750 710
702 750 879 787
703 879 893 831
704 893 862 829
705 862 839 829
706 839 898 853
707 898 852 901
708 852 892 901
709 892 896 907
710 907 890 860
711 890 882 887
712 882 818 865
713 818 872 865
714 872 798 792
715 798 812 800
716 812 830 770
717 830 751 770
718 751 858 763
719 858 837 786
720 786 813 717
721 813 822 846
722 822 833 846
723 833 819 846
724 819 788 790
725 788 722 778
726 722 753 778
727 753 728 681
728 728 772 666
729 772 743 666
730 743 754 666
731 754 742 752
732 742 744 707
733 744 784 707
734 784 726 700
735 726 762 780
736 762 756 780
737 756 791 733
738 791 782 733
739 782 734 715
740 734 811 714
741 811 737 657
742 737 825 657
743 825 870 794
744 870 888 794
745 888 832 794
746 832 739 794
747 739 724 731
748 724 725 834
749 725 668 691
750 668 640 654
751 640 677 608
752 677 566 608
753 566 564 510
754 564 571 510
755 571 550 599
756 550 442 460
757 442 431 435
758 431 414 404
759 414 475 439
760 475 464 439
761 464 430 402
762 503 429 437
763 429 377 461
764 556 503 508
765 577 556 730
766 619 615 629
767 615 577 607
768 676 619 680
769 690 676 680
770 775 809 840
771 809 690 697
772 713 775 776
773 675 713 848
774 673 675 765
775 628 816 631
776 816 673 631
777 633 628 686
778 591 622 633
779 618 591 735
780 555 546 528
781 546 618 623
782 538 555 528
783 467 505 520
784 505 538 520
785 395 467 433
786 345 364 330
787 364 395 363
788 290 330 309
789 288 290 319
790 239 268 251
791 268 288 319
792 235 246 243
793 246 251 243
794 216 235 222
795 210 216 209
796 203 210 204
797 230 219 223
798 219 221 207
799 221 203 217
800 245 230 225
801 261 259 256
802 259 245 256
803 342 261 258
804 292 342 293
805 295 293 296
806 365 296 381
807 368 365 381
808 377 368 376
809 430 390 402
810 390 411 397
811 411 400 451
812 451 389 411
813 389 419 352
814 419 354 496
815 354 358 355
816 355 341 348
817 341 322 351
818 322 273 351
819 273 271 267
820 271 266 267
821 266 265 241
822 241 214 208
823 208 206 209
824 206 204 209
825 204 202 203
826 202 217 203
827 217 212 207
828 212 223 207
829 223 229 225
830 225 240 245
831 240 329 245
832 329 242 249
833 242 264 249
834 264 253 380
835 253 277 380
836 277 310 301
837 301 362 360
838 360 350 321
839 350 425 321
840 425 422 398
841 422 512 398
842 512 436 466
843 466 469 458
844 458 494 567
845 494 586 567
846 586 683 567
847 683 559 567
848 559 593 573
849 573 588 575
850 575 674 738
851 674 584 738
852 584 639 638
853 638 693 699
854 699 815 710
855 710 750 727
856 750 787 727
857 787 879 831
858 831 893 844
859 893 829 844
860 829 839 856
861 839 853 856
862 853 898 901
863 901 892 904
864 892 907 860
865 860 890 887
866 887 882 883
867 882 865 883
868 865 872 792
869 792 798 800
870 800 812 864
871 812 770 864
872 770 751 718
873 751 763 660
874 763 858 786
875 786 717 763
876 717 813 712
877 813 846 843
878 846 819 842
879 819 790 842
880 790 788 778
881 778 753 681
882 681 728 765
883 728 666 673
884 666 754 694
885 754 752 694
886 752 742 707
887 707 784 700
888 700 726 780
889 780 756 658
890 756 733 667
891 733 782 715
892 715 734 714
893 714 811 657
894 657 825 789
895 825 794 755
896 794 739 731
897 731 724 834
898 834 725 691
899 691 668 654
900 654 640 576
901 640 608 576
902 608 566 541
903 566 510 541
904 510 571 554
905 571 599 554
906 599 550 460
907 460 442 435
908 435 431 404
909 404 414 432
910 414 439 432
911 439 464 402
912 503 437 497
913 437 429 461
914 461 377 386
915 556 508 730
916 508 503 497
917 577 730 607
918 619 629 689
919 629 615 612
920 615 607 612
921 680 619 768
922 690 680 697
923 775 840 776
924 840 809 697
925 713 776 790
926 675 848 765
927 848 713 790
928 673 765 728
929 628 631 686
930 631 673 666
931 633 686 708
932 591 633 735
933 618 735 643
934 528 546 552
935 546 623 552
936 623 618 659
937 538 528 522
938 467 520 433
939 520 538 488
940 395 433 363
941 330 364 339
942 364 363 339
943 290 309 319
944 309 330 317
945 251 268 272
946 268 319 304
947 235 243 222
948 243 251 275
949 216 222 208
950 210 209 204
951 209 216 208
952 230 223 225
953 223 219 207
954 207 221 217
955 261 256 258
956 256 245 329
957 342 258 283
958 293 342 283
959 296 293 300
960 381 296 334
961 368 381 359
962 377 376 386
963 376 368 359
964 402 390 397
965 397 411 374
966 411 389 374
967 389 352 373
968 352 419 496
969 496 354 355
970 355 348 496
971 348 341 287
972 341 351 287
973 351 273 276
974 273 267 276
975 267 266 252
976 266 241 231
977 241 208 222
978 329 249 256
979 249 264 278
980 264 380 278
981 380 277 294
982 277 301 307
983 301 360 313
984 360 321 313
985 321 425 366
986 425 398 387
987 398 512 418
988 512 466 418
989 466 458 457
990 458 567 457
991 567 559 533
992 559 573 533
993 573 575 479
994 575 738 569
995 738 584 558
996 584 638 603
997 638 699 645
998 699 710 671
999 710 727 671
1000 727 787 749
1001 787 831 749
1002 831 844 859
1003 844 829 808
1004 829 856 799
1005 856 853 849
1006 853 901 904
1007 904 892 860
1008 860 887 904
1009 887 883 886
1010 883 865 836
1011 865 792 795
1012 792 800 767
1013 800 864 764
1014 864 770 764
1015 770 718 644
1016 718 751 660
1017 660 763 689
1018 763 717 768
1019 717 712 768
1020 712 813 843
1021 843 846 781
1022 846 842 781
1023 842 790 776
1024 790 778 848
1025 778 681 848
1026 681 765 848
1027 666 694 631
1028 694 752 686
1029 752 707 708
1030 707 700 672
1031 700 780 678
1032 780 658 814
1033 658 756 667
1034 667 733 661
1035 733 715 661
1036 715 714 627
1037 714 657 649
1038 657 789 696
1039 789 825 755
1040 755 794 731
1041 731 834 755
1042 834 691 703
1043 691 654 637
1044 654 576 611
1045 576 608 553
1046 608 541 553
1047 541 510 485
1048 510 554 485
1049 554 599 470
1050 599 460 580
1051 460 435 417
1052 435 404 481
1053 404 432 403
1054 432 439 412
1055 439 402 412
1056 497 437 454
1057 437 461 393
1058 461 386 393
1059 730 508 465
1060 508 497 465
1061 607 730 535
1062 619 689 768
1063 689 629 716
1064 629 612 613
1065 612 607 647
1066 680 768 712
1067 697 680 712
1068 776 840 842
1069 840 697 843
1070 686 631 694
1071 633 708 735
1072 708 686 752
1073 618 643 659
1074 643 735 672
1075 528 552 522
1076 552 623 663
1077 623 659 572
1078 538 522 488
1079 433 520 486
1080 520 488 486
1081 363 433 540
1082 330 339 328
1083 339 363 347
1084 319 309 304
1085 309 317 298
1086 317 330 328
1087 251 272 275
1088 272 268 304
1089 222 243 231
1090 243 275 231
1091 258 256 249
1092 283 258 249
1093 293 283 284
1094 296 300 334
1095 300 293 284
1096 381 334 306
1097 359 381 306
1098 386 376 529
1099 376 359 326
1100 402 397 412
1101 397 374 375
1102 374 389 373
1103 373 352 343
1104 352 496 343
1105 496 348 343
1106 348 287 332
1107 287 351 280
1108 351 276 280
1109 276 267 285
1110 267 252 285
1111 252 266 231
1112 231 241 222
1113 249 278 283
1114 278 380 294
1115 294 277 307
1116 307 301 313
1117 313 321 323
1118 321 366 323
1119 366 425 387
1120 387 398 418
1121 418 466 457
1122 457 567 533
1123 533 573 479
1124 479 575 569
1125 569 738 558
1126 558 584 603
1127 603 638 527
1128 638 645 527
1129 645 699 671
1130 671 727 747
1131 727 749 702
1132 749 831 859
1133 859 844 808
1134 808 829 799
1135 799 856 820
1136 856 849 820
1137 849 853 904
1138 904 887 886
1139 886 883 836
1140 836 865 795
1141 795 792 767
1142 767 800 764
1143 764 770 644
1144 644 718 716
1145 718 660 716
1146 660 689 716
1147 689 763 768
1148 712 843 697
1149 843 781 840
1150 781 842 840
1151 708 707 672
1152 672 700 678
1153 678 780 814
1154 814 658 684
1155 658 667 684
1156 667 661 598
1157 661 715 627
1158 627 714 649
1159 649 657 696
1160 696 789 679
1161 789 755 679
1162 755 834 679
1163 834 703 679
1164 703 691 637
1165 637 654 611
1166 611 576 582
1167 576 553 536
1168 553 541 539
1169 541 485 539
1170 485 554 470
1171 470 599 580
1172 580 460 420
1173 460 417 420
1174 417 435 481
1175 481 404 403
1176 403 432 412
1177 497 454 465
1178 454 437 393
1179 393 386 529
1180 730 465 535
1181 607 535 650
1182 716 629 613
1183 613 612 647
1184 647 607 650
1185 735 708 672
1186 659 643 678
1187 643 672 678
1188 522 552 492
1189 552 663 492
1190 663 623 572
1191 572 659 814
1192 488 522 557
1193 433 486 540
1194 486 488 757
1195 363 540 392
1196 328 339 423
1197 339 347 423
1198 347 363 392
1199 304 309 298
1200 298 317 305
1201 317 328 305
1202 275 272 255
1203 272 304 318
1204 231 275 255
1205 284 283 294
1206 334 300 438
1207 300 284 331
1208 306 334 438
1209 359 306 326
1210 529 376 388
1211 376 326 388
1212 412 397 375
1213 375 374 373
1214 373 343 382
1215 343 348 518
1216 348 332 518
1217 332 287 280
1218 280 276 263
1219 276 285 263
1220 285 252 263
1221 252 231 255
1222 283 278 294
1223 294 307 315
1224 307 313 314
1225 313 323 489
1226 323 366 367
1227 366 387 367
1228 387 418 416
1229 418 457 462
1230 457 533 462
1231 533 479 462
1232 479 569 463
1233 569 558 463
1234 558 603 646
1235 603 527 646
1236 527 645 641
1237 645 671 641
1238 671 747 653
1239 747 727 702
1240 702 749 745
1241 749 859 745
1242 859 808 821
1243 808 799 761
1244 799 820 761
1245 820 849 886
1246 849 904 886
1247 886 836 820
1248 836 795 803
1249 795 767 827
1250 767 764 783
1251 764 644 665
1252 644 716 664
1253 678 814 659
1254 814 684 572
1255 684 667 581
1256 667 598 581
1257 598 661 634
1258 661 627 634
1259 627 649 634
1260 649 696 669
1261 696 679 651
1262 679 703 609
1263 703 637 609
1264 637 611 600
1265 611 582 692
1266 582 576 536
1267 536 553 502
1268 553 539 502
1269 539 485 491
1270 485 470 491
1271 470 580 682
1272 580 420 682
1273 420 417 333
1274 417 481 333
1275 481 403 378
1276 403 412 375
1277 465 454 495
1278 454 393 561
1279 393 529 474
1280 535 465 514
1281 650 535 626
1282 716 613 664
1283 613 647 777
1284 647 650 626
1285 522 492 557
1286 492 663 602
1287 663 572 602
1288 488 557 757
1289 540 486 428
1290 486 757 476
1291 392 540 428
1292 328 423 353
1293 423 347 500
1294 347 392 441
1295 304 298 282
1296 298 305 303
1297 305 328 353
1298 255 272 318
1299 318 304 282
1300 284 294 315
1301 438 300 331
1302 331 284 315
1303 306 438 340
1304 326 306 340
1305 529 388 474
1306 388 326 472
1307 375 373 382
1308 382 343 337
1309 343 518 338
1310 518 332 338
1311 332 280 299
1312 280 263 274
1313 263 252 255
1314 315 307 314
1315 314 313 489
1316 489 323 396
1317 323 367 396
1318 367 387 452
1319 387 416 452
1320 416 418 462
1321 462 479 463
1322 463 558 547
1323 558 646 568
1324 646 527 524
1325 527 641 587
1326 641 671 653
1327 653 747 736
1328 747 702 736
1329 702 745 604
1330 745 859 821
1331 821 808 806
1332 808 761 806
1333 761 820 810
1334 820 836 810
1335 836 803 810
1336 803 795 827
1337 827 767 783
1338 783 764 665
1339 665 644 664
1340 572 684 602
1341 684 581 602
1342 581 598 596
1343 598 634 509
1344 634 649 669
1345 669 696 651
1346 651 679 609
1347 609 637 600
1348 600 611 692
1349 692 582 526
1350 582 536 642
1351 536 502 642
1352 502 539 471
1353 539 491 471
1354 491 470 682
1355 682 420 324
1356 420 333 324
1357 333 481 369
1358 481 378 369
1359 378 403 382
1360 403 375 382
1361 465 495 514
1362 495 454 592
1363 454 561 592
1364 561 393 474
1365 535 514 626
1366 664 613 777
1367 777 647 688
1368 647 626 688
1369 557 492 487
1370 492 602 581
1371 757 557 483
1372 428 486 476
1373 476 757 483
1374 392 428 427
1375 353 423 344
1376 423 500 344
1377 500 347 441
1378 441 392 427
1379 282 298 303
1380 303 305 286
1381 305 353 308
1382 255 318 263
1383 318 282 274
1384 438 331 335
1385 331 315 335
1386 340 438 379
1387 326 340 372
1388 474 388 517
1389 388 472 517
1390 472 326 372
1391 382 337 378
1392 337 343 338
1393 338 332 297
1394 332 299 297
1395 299 280 274
1396 274 263 318
1397 315 314 335
1398 314 489 335
1399 489 396 379
1400 396 367 405
1401 367 452 405
1402 452 416 563
1403 416 462 551
1404 462 463 551
1405 463 547 401
1406 547 558 568
1407 568 646 507
1408 646 524 507
1409 524 527 587
1410 587 641 525
1411 641 653 525
1412 653 736 537
1413 736 702 604
1414 604 745 758
1415 745 821 758
1416 821 806 758
1417 806 761 670
1418 761 810 797
1419 810 803 797
1420 803 827 802
1421 827 783 759
1422 783 665 759
1423 665 664 698
1424 581 596 492
1425 596 598 509
1426 509 634 531
1427 634 669 531
1428 669 651 531
1429 651 609 600
1430 600 692 531
1431 692 526 636
1432 526 582 642
1433 642 502 534
1434 502 471 534
1435 471 491 443
1436 491 682 410
1437 682 324 410
1438 324 333 357
1439 333 369 357
1440 369 378 337
1441 514 495 560
1442 495 592 544
1443 592 561 468
1444 561 474 523
1445 626 514 594
1446 664 777 698
1447 777 688 698
1448 688 626 723
1449 557 487 483
1450 487 492 596
1451 428 476 455
1452 476 483 455
1453 427 428 455
1454 353 344 349
1455 344 500 370
1456 500 441 370
1457 441 427 449
1458 282 303 274
1459 303 286 297
1460 286 305 308
1461 308 353 349
1462 438 335 379
1463 340 379 391
1464 372 340 391
1465 474 517 523
1466 517 472 542
1467 472 372 424
1468 337 338 336
1469 338 297 316
1470 297 299 274
1471 335 489 379
1472 379 396 391
1473 396 405 391
1474 405 452 394
1475 452 563 394
1476 563 416 551
1477 551 463 401
1478 401 547 484
1479 547 568 484
1480 568 507 477
1481 507 524 513
1482 524 587 513
1483 587 525 513
1484 525 653 537
1485 537 736 701
1486 736 604 701
1487 604 758 729
1488 758 806 670
1489 670 761 797
1490 797 803 802
1491 802 827 759
1492 759 665 698
1493 596 509 597
1494 509 531 597
1495 531 651 600
1496 531 692 636
1497 636 526 490
1498 526 642 534
1499 534 471 448
1500 471 443 448
1501 443 491 410
1502 410 324 601
1503 324 357 320
1504 357 369 493
1505 369 337 336
1506 514 560 594
1507 560 495 544
1508 544 592 565
1509 592 468 565
1510 468 561 523
1511 626 594 723
1512 698 688 740
1513 688 723 740
1514 483 487 570
1515 487 596 597
1516 455 483 473
1517 427 455 519
1518 349 344 406
1519 344 370 406
1520 370 441 421
1521 441 449 421
1522 449 427 519
1523 274 303 297
1524 297 286 316
1525 286 308 311
1526 308 349 311
1527 372 391 424
1528 523 517 516
1529 517 542 507
1530 542 472 424
1531 336 338 316
1532 391 405 424
1533 405 394 424
1534 394 563 401
1535 563 551 401
1536 401 484 394
1537 484 568 477
1538 477 507 542
1539 507 513 516
1540 513 525 630
1541 525 537 630
1542 537 701 583
1543 701 604 729
1544 729 758 670
1545 670 797 709
1546 797 802 709
1547 802 759 740
1548 759 698 740
1549 597 531 499
1550 531 636 499
1551 636 490 499
1552 490 526 543
1553 526 534 543
1554 534 448 543
1555 448 443 449
1556 443 410 601
1557 601 324 406
1558 324 320 406
1559 320 357 311
1560 357 493 311
1561 493 369 336
1562 594 560 585
1563 560 544 585
1564 544 565 720
1565 565 468 579
1566 468 523 579
1567 723 594 625
1568 740 723 625
1569 483 570 473
1570 570 487 597
1571 455 473 515
1572 519 455 543
1573 349 406 320
1574 406 370 421
1575 421 449 443
1576 449 519 448
1577 316 286 311
1578 311 349 320
1579 523 516 614
1580 516 517 507
1581 542 424 413
1582 336 316 493
1583 424 394 413
1584 394 484 413
1585 484 477 413
1586 477 542 413
1587 516 513 614
1588 513 630 614
1589 630 537 583
1590 583 701 720
1591 701 729 616
1592 729 670 662
1593 670 709 662
1594 709 802 625
1595 802 740 625
1596 597 499 570
1597 499 490 473
1598 490 543 515
1599 543 448 519
1600 443 601 421
1601 601 406 421
1602 311 493 316
1603 594 585 625
1604 585 544 616
1605 544 720 616
1606 720 565 583
1607 565 579 583
1608 579 523 614
1609 473 570 499
1610 455 515 543
1611 515 473 490
1612 614 630 579
1613 630 583 579
1614 720 701 616
1615 616 729 662
1616 662 709 625
1617 625 585 662
1618 585 616 662
$EndElements